,t,r(t),e(t),u(t),y(t),E(t)
0,-2.5,1,1.0,0.0,0.0,0.0
1,0.0,1,1.0,3.5,0.0,0.0
2,2.5,1,0.9986,5.99454,0.0014,2.5
3,5.0,1,0.997131784,5.9893739576,0.0028682160000000003,2.5
4,7.5,1,0.99686452984096,5.985418952779744,0.0031354701590400004,2.4965
5,10.0,1,0.9970112290054507,5.982427441184874,0.002988770994549338,2.4928294600000003
6,12.5,1,0.9971044771948039,5.982064294059954,0.002895522805196127,2.4921613246024
7,15.0,1,0.997112481978958,5.982424961353641,0.0028875180210419867,2.4925280725136267
8,17.5,1,0.9971001076092199,5.982606619871384,0.002899892390780184,2.4927611929870097
9,20.0,1,0.9970945963921161,5.98261008783296,0.002905403607883978,2.492781204947395
10,22.5,1,0.9970947231351426,5.9825818506932595,0.002905276864857371,2.4927502690230496
11,25.0,1,0.9970956588103921,5.982571671086761,0.0029043411896079443,2.49273649098029
12,27.5,1,0.9970959569902342,5.982572776575614,0.0029040430097657943,2.4927368078378564
13,30.0,1,0.9970959070284258,5.982574801640746,0.0029040929715742816,2.49273914702598
14,32.5,1,0.9970958417224572,5.9825753123817975,0.0029041582775427306,2.4927398924755857
15,35.0,1,0.9970958275692449,5.9825751584021365,0.0029041724307551915,2.4927397675710643
16,37.5,1,0.9970958333243123,5.982575023243264,0.0029041666756877624,2.492739604306143
17,40.0,1,0.9970958375765925,5.982575002142098,0.002904162423407563,2.492739568923112
18,42.5,1,0.9970958380929883,5.982575016842798,0.0029041619070117384,2.492739583310781
19,45.0,1,0.9970958375802521,5.982575025267269,0.0029041624197478533,2.492739593941481
20,47.5,1,0.9970958373219797,5.98257502575609,0.0029041626780203084,2.4927395952324707
21,50.0,1,0.9970958373170424,5.982575024558303,0.0029041626829576037,2.4927395939506303
22,52.5,1,0.9970958373571862,5.982575024071159,0.002904162642813827,2.4927395933049494
23,55.0,1,0.9970958373716593,5.982575024099202,0.0029041626283406933,2.492739593292606
24,57.5,1,0.9970958373700881,5.9825750241876445,0.0029041626299119417,2.4927395933929657
25,60.0,1,0.9970958373672091,5.982575024213228,0.0029041626327909595,2.4927395934291483
26,1.0,0,0.0,0.0,0.002904162633517143,2.4927395934252203
